1.000000000000000000e+00
1.107820108309787388e+00
1.215640216619574998e+00
1.323460324929362386e+00
1.431280433239149996e+00
1.539100541548937384e+00
1.646920649858724772e+00
1.754740758168512382e+00
1.862560866478299770e+00
1.970380974788087158e+00
2.078201083097874768e+00
2.186021191407662378e+00
2.293841299717449544e+00
2.401661408027237155e+00
2.509481516337024765e+00
2.617301624646811931e+00
2.725121732956599541e+00
2.832941841266387151e+00
2.940761949576174317e+00
3.048582057885961927e+00
3.156402166195749537e+00
3.264222274505536703e+00
3.372042382815324313e+00
3.479862491125111923e+00
3.587682599434899089e+00
3.695502707744686699e+00
3.803322816054474309e+00
3.911142924364261919e+00
4.018963032674049529e+00
4.126783140983836695e+00
4.234603249293623861e+00
4.342423357603411915e+00
4.450243465913199081e+00
4.558063574222986247e+00
4.665883682532774301e+00
4.773703790842561467e+00
4.881523899152348633e+00
4.989344007462136688e+00
5.097164115771923854e+00
5.204984224081711019e+00
5.312804332391499074e+00
5.420624440701286240e+00
5.528444549011073406e+00
5.636264657320861460e+00
5.744084765630648626e+00
5.851904873940435792e+00
5.959724982250223846e+00
6.067545090560011012e+00
6.175365198869798178e+00
6.283185307179586232e+00
