8.414709848078965049e-01
8.947272443555386312e-01
9.375922150013088485e-01
9.695680664884885891e-01
9.902834338980115447e-01
9.994977306502034198e-01
9.971039426576051579e-01
9.831298711778154731e-01
9.577378099319632243e-01
9.212226602387287855e-01
8.740085060545929041e-01
8.166436886975160236e-01
7.497944384558022923e-01
6.742371370441219147e-01
5.908493007698946142e-01
5.005993891307989330e-01
4.045355572055204796e-01
3.037734824665562217e-01
1.994834073934666219e-01
9.287654837260667096e-02
-1.480897127073562206e-02
-1.223225007351882859e-01
-2.284153866992253978e-01
-3.318554750785258634e-01
-4.314414211625471340e-01
-5.260166419335562393e-01
-6.144827485270247802e-01
-6.958123028299013635e-01
-7.690607500626669424e-01
-8.333773887611479747e-01
-8.880152507536146489e-01
-9.323397763879208711e-01
-9.658361842553067067e-01
-9.881154498195009461e-01
-9.989188235158071860e-01
-9.981208358473463438e-01
-9.857307545775128022e-01
-9.618924770949293102e-01
-9.268828592009670242e-01
-8.811084997291535048e-01
-8.251010183396366715e-01
-7.595108813320143870e-01
-6.850998471830280767e-01
-6.027321195460328962e-01
-5.133643104605835061e-01
-4.180343303385868903e-01
-3.178493337578275901e-01
-2.139728610594237579e-01
-1.076113250856413767e-01
-2.449293598294706414e-16
